{
  "advancedEditorSelectedIdentifier" : "BehaviorsPluginID",
  "openSceneRelativePaths" : [
    "escena.usda",
    "Planetario\/escena.usda"
  ],
  "recentIdentifiers" : {
    "D2503B47-B17B-41CE-9735-7AD95A409B4E" : [

    ]
  },
  "sceneCameraHistory" : {
    "6F849637-89CA-4FB2-A32B-0E2F823B0ADA" : [
      {
        "date" : 797954716.573585,
        "title" : "Untitled",
        "transform" : [
          0.07366539,
          2.7934548e-09,
          0.997283,
          0,
          0.9085065,
          0.41244686,
          -0.06710781,
          0,
          -0.41132623,
          0.91098166,
          0.03038308,
          0,
          -0.33339697,
          0.5229225,
          0.15656431,
          1
        ]
      },
      {
        "date" : 797954630.814478,
        "title" : "Untitled",
        "transform" : [
          -0.14240249,
          2.8088696e-09,
          0.9898088,
          0,
          0.87942237,
          0.45892143,
          0.12652133,
          0,
          -0.45424443,
          0.8884769,
          -0.065351516,
          0,
          -0.3177794,
          0.5168251,
          0.13156885,
          1
        ]
      },
      {
        "date" : 797954382.840175,
        "title" : "Untitled",
        "transform" : [
          -0.15909308,
          3.2101202e-09,
          0.98726356,
          0,
          0.67979467,
          0.72517514,
          0.10954585,
          0,
          -0.715939,
          0.68856454,
          -0.115370296,
          0,
          -0.47439656,
          0.44400197,
          0.104002014,
          1
        ]
      },
      {
        "date" : 797954159.704248,
        "title" : "Untitled",
        "transform" : [
          -0.15909308,
          3.2101202e-09,
          0.98726356,
          0,
          0.67979467,
          0.72517514,
          0.10954585,
          0,
          -0.715939,
          0.68856454,
          -0.115370296,
          0,
          -0.4695396,
          0.44954464,
          0.10694261,
          1
        ]
      },
      {
        "date" : 797952792.694218,
        "title" : "Untitled",
        "transform" : [
          0.7609919,
          5.1810254e-09,
          0.64876133,
          0,
          0.25681344,
          0.9183144,
          -0.30124012,
          0,
          -0.59576684,
          0.39585194,
          0.6988298,
          0,
          -0.45787022,
          0.3320732,
          0.54292655,
          1
        ]
      },
      {
        "date" : 797952786.917694,
        "title" : "Untitled",
        "transform" : [
          0.7609919,
          5.1810254e-09,
          0.64876133,
          0,
          0.25681344,
          0.9183144,
          -0.30124012,
          0,
          -0.59576684,
          0.39585194,
          0.6988298,
          0,
          -0.46414867,
          0.31995034,
          0.5444409,
          1
        ]
      },
      {
        "date" : 797952783.978513,
        "title" : "Untitled",
        "transform" : [
          0.7609919,
          5.1810254e-09,
          0.64876133,
          0,
          0.25681344,
          0.9183144,
          -0.30124012,
          0,
          -0.59576684,
          0.39585194,
          0.6988298,
          0,
          -1.5318439,
          1.0559418,
          1.796835,
          1
        ]
      },
      {
        "date" : 797952746.777719,
        "title" : "Untitled",
        "transform" : [
          0.7609919,
          5.1810254e-09,
          0.64876133,
          0,
          0.25681344,
          0.9183144,
          -0.30124012,
          0,
          -0.59576684,
          0.39585194,
          0.6988298,
          0,
          -1.5408317,
          1.023792,
          1.8073835,
          1
        ]
      }
    ],
    "D2503B47-B17B-41CE-9735-7AD95A409B4E" : [
      {
        "date" : 797952015.942879,
        "title" : "Untitled",
        "transform" : [
          0.5024859,
          4.828131e-09,
          0.8645855,
          0,
          0.35181868,
          0.91346306,
          -0.20447247,
          0,
          -0.7897669,
          0.40692183,
          0.45900223,
          0,
          -0.60484874,
          0.2675468,
          0.3574321,
          1
        ]
      },
      {
        "date" : 797952010.886317,
        "title" : "Untitled",
        "transform" : [
          1,
          0,
          0,
          0,
          0,
          0.7071069,
          -0.70710677,
          0,
          0,
          0.70710677,
          0.7071069,
          0,
          -1.5422964e-07,
          0.4863627,
          0.5659099,
          1
        ]
      },
      {
        "date" : 797782604.814695,
        "title" : "Untitled",
        "transform" : [
          1,
          0,
          0,
          0,
          0,
          0.7071069,
          -0.70710677,
          0,
          0,
          0.70710677,
          0.7071069,
          0,
          -5.972385e-08,
          0.29468885,
          0.31612718,
          1
        ]
      },
      {
        "date" : 797782601.964235,
        "title" : "Untitled",
        "transform" : [
          1,
          0,
          0,
          0,
          0,
          0.7071069,
          -0.70710677,
          0,
          0,
          0.70710677,
          0.7071069,
          0,
          -3.5762787e-07,
          1.7646039,
          1.8929772,
          1
        ]
      }
    ]
  },
  "sceneViewportBackgroundColors" : {

  },
  "selectedSceneRelativePath" : "Planetario\/escena.usda"
}