{
  "advancedEditorSelectedIdentifier" : "BehaviorsPluginID",
  "openSceneRelativePaths" : [
    "Planetario\/escena.usda"
  ],
  "recentIdentifiers" : {
    "6F849637-89CA-4FB2-A32B-0E2F823B0ADA" : [

    ],
    "D2503B47-B17B-41CE-9735-7AD95A409B4E" : [

    ]
  },
  "sceneCameraHistory" : {
    "6F849637-89CA-4FB2-A32B-0E2F823B0ADA" : [
      {
        "date" : 798125252.831611,
        "title" : "Untitled",
        "transform" : [
          -0.7328504,
          9.639265e-09,
          0.6803899,
          0,
          0.34541383,
          0.8615514,
          0.37204644,
          0,
          -0.5861908,
          0.5076705,
          -0.6313882,
          0,
          -0.38887787,
          0.4465732,
          -0.1426816,
          1
        ]
      },
      {
        "date" : 798125241.484175,
        "title" : "Untitled",
        "transform" : [
          -0.7589076,
          1.166363e-09,
          0.65119827,
          0,
          0.047724906,
          0.99731076,
          0.055618696,
          0,
          -0.64944714,
          0.07328795,
          -0.7568668,
          0,
          -0.47287327,
          0.21302572,
          -0.26614362,
          1
        ]
      },
      {
        "date" : 798125204.499212,
        "title" : "Untitled",
        "transform" : [
          0.27084172,
          -5.035765e-09,
          0.9626239,
          0,
          0.5593431,
          0.81386006,
          -0.15737553,
          0,
          -0.7834411,
          0.581061,
          0.22042724,
          0,
          -0.6246396,
          0.48181915,
          0.22674729,
          1
        ]
      },
      {
        "date" : 798125198.33316,
        "title" : "Untitled",
        "transform" : [
          0.24580441,
          -6.0184373e-09,
          0.96931934,
          0,
          0.40597337,
          0.9080678,
          -0.10294858,
          0,
          -0.8802077,
          0.41882318,
          0.22320707,
          0,
          -0.88437295,
          0.26358548,
          0.2197796,
          1
        ]
      },
      {
        "date" : 798125041.898249,
        "title" : "Untitled",
        "transform" : [
          -0.099864595,
          -1.511554e-08,
          0.995001,
          0,
          0.93104535,
          0.35273576,
          0.093445614,
          0,
          -0.35097232,
          0.93572295,
          -0.0352258,
          0,
          -0.46122926,
          0.8274038,
          -0.050659854,
          1
        ]
      },
      {
        "date" : 798124815.909499,
        "title" : "Untitled",
        "transform" : [
          0.74530345,
          -6.731659e-09,
          0.66672534,
          0,
          0.2561721,
          0.9232397,
          -0.2863637,
          0,
          -0.61554736,
          0.38422433,
          0.6880938,
          0,
          -0.40326685,
          0.14329506,
          0.44562924,
          1
        ]
      },
      {
        "date" : 798124814.186575,
        "title" : "Untitled",
        "transform" : [
          0.886947,
          -8.319958e-09,
          0.46187115,
          0,
          0.15503041,
          0.9419841,
          -0.29771024,
          0,
          -0.43507522,
          0.33565727,
          0.8354899,
          0,
          -0.33748344,
          0.12378776,
          0.51452863,
          1
        ]
      },
      {
        "date" : 798124765.415417,
        "title" : "Untitled",
        "transform" : [
          0.07366539,
          2.7934548e-09,
          0.997283,
          0,
          0.9085065,
          0.41244686,
          -0.06710781,
          0,
          -0.41132623,
          0.91098166,
          0.03038308,
          0,
          -0.33961368,
          0.5265634,
          -0.03676611,
          1
        ]
      },
      {
        "date" : 798124715.448355,
        "title" : "Untitled",
        "transform" : [
          0.07366539,
          2.7934548e-09,
          0.997283,
          0,
          0.9085065,
          0.41244686,
          -0.06710781,
          0,
          -0.41132623,
          0.91098166,
          0.03038308,
          0,
          -0.32954103,
          0.52467555,
          0.1562029,
          1
        ]
      },
      {
        "date" : 797954716.573585,
        "title" : "Untitled",
        "transform" : [
          0.07366539,
          2.7934548e-09,
          0.997283,
          0,
          0.9085065,
          0.41244686,
          -0.06710781,
          0,
          -0.41132623,
          0.91098166,
          0.03038308,
          0,
          -0.33339697,
          0.5229225,
          0.15656431,
          1
        ]
      }
    ],
    "D2503B47-B17B-41CE-9735-7AD95A409B4E" : [
      {
        "date" : 797952015.942879,
        "title" : "Untitled",
        "transform" : [
          0.5024859,
          4.828131e-09,
          0.8645855,
          0,
          0.35181868,
          0.91346306,
          -0.20447247,
          0,
          -0.7897669,
          0.40692183,
          0.45900223,
          0,
          -0.60484874,
          0.2675468,
          0.3574321,
          1
        ]
      },
      {
        "date" : 797952010.886317,
        "title" : "Untitled",
        "transform" : [
          1,
          0,
          0,
          0,
          0,
          0.7071069,
          -0.70710677,
          0,
          0,
          0.70710677,
          0.7071069,
          0,
          -1.5422964e-07,
          0.4863627,
          0.5659099,
          1
        ]
      },
      {
        "date" : 797782604.814695,
        "title" : "Untitled",
        "transform" : [
          1,
          0,
          0,
          0,
          0,
          0.7071069,
          -0.70710677,
          0,
          0,
          0.70710677,
          0.7071069,
          0,
          -5.972385e-08,
          0.29468885,
          0.31612718,
          1
        ]
      },
      {
        "date" : 797782601.964235,
        "title" : "Untitled",
        "transform" : [
          1,
          0,
          0,
          0,
          0,
          0.7071069,
          -0.70710677,
          0,
          0,
          0.70710677,
          0.7071069,
          0,
          -3.5762787e-07,
          1.7646039,
          1.8929772,
          1
        ]
      }
    ]
  },
  "sceneViewportBackgroundColors" : {

  },
  "selectedSceneRelativePath" : "Planetario\/escena.usda"
}